# IRF4-IRF4,IRF4-REL,IRF4-PAX5,IRF4-RELA,IRF4-PRDM1,IRF4-AICDA,REL-IRF4,REL-REL,REL-PAX5,REL-RELA,REL-PRDM1,REL-AICDA,PAX5-IRF4,PAX5-REL,PAX5-PAX5,PAX5-RELA,PAX5-PRDM1,PAX5-AICDA,RELA-IRF4,RELA-REL,RELA-PAX5,RELA-RELA,RELA-PRDM1,RELA-AICDA,PRDM1-IRF4,PRDM1-REL,PRDM1-PAX5,PRDM1-RELA,PRDM1-PRDM1,PRDM1-AICDA,AICDA-IRF4,AICDA-REL,AICDA-PAX5,AICDA-RELA,AICDA-PRDM1,AICDA-AICDA
1.263813625148276554e+00,0.000000000000000000e+00,0.000000000000000000e+00,0.000000000000000000e+00,0.000000000000000000e+00,0.000000000000000000e+00,0.000000000000000000e+00,1.256515965603906215e+00,0.000000000000000000e+00,0.000000000000000000e+00,0.000000000000000000e+00,0.000000000000000000e+00,0.000000000000000000e+00,0.000000000000000000e+00,1.224886501937582750e+00,0.000000000000000000e+00,0.000000000000000000e+00,0.000000000000000000e+00,0.000000000000000000e+00,0.000000000000000000e+00,0.000000000000000000e+00,1.184027431168501954e+00,0.000000000000000000e+00,0.000000000000000000e+00,0.000000000000000000e+00,0.000000000000000000e+00,0.000000000000000000e+00,0.000000000000000000e+00,1.097573574831216980e+00,0.000000000000000000e+00,0.000000000000000000e+00,0.000000000000000000e+00,0.000000000000000000e+00,0.000000000000000000e+00,0.000000000000000000e+00,9.445903222971372415e-01
1.263813625148276554e+00,-7.452245729885076560e-03,1.304953154855384781e-03,1.475191961308886923e-03,1.523526791049635218e-02,-1.632902118560901426e-04,-7.452245729885076560e-03,1.256515965603906215e+00,7.750634910365167100e-03,1.043538440708442934e-03,-1.584973133301868786e-02,7.180601083549906574e-03,1.304953154855384781e-03,7.750634910365167100e-03,1.224886501937582750e+00,5.557973506449135140e-03,-1.189472867835655347e-02,7.143755181645903944e-03,1.475191961308886923e-03,1.043538440708442934e-03,5.557973506449135140e-03,1.184027431168501954e+00,-2.005026728469957130e-03,3.976488512244743829e-04,1.523526791049635218e-02,-1.584973133301868786e-02,-1.189472867835655347e-02,-2.005026728469957130e-03,1.097573574831216980e+00,-7.267061968326453750e-03,-1.632902118560901426e-04,7.180601083549906574e-03,7.143755181645903944e-03,3.976488512244743829e-04,-7.267061968326453750e-03,9.445903222971372415e-01
1.263813625148276554e+00,-1.414427187453866190e-02,2.157034757558083920e-03,2.599021484831022522e-03,2.926083753651220754e-02,-5.607953134770234192e-04,-1.414427187453866190e-02,1.256515965603906215e+00,1.490914475420308978e-02,2.115265703574873996e-03,-2.959893742081838933e-02,1.386541510011422319e-02,2.157034757558083920e-03,1.490914475420308978e-02,1.224886501937582750e+00,1.044320107560746912e-02,-2.231011230192926284e-02,1.359026444780579712e-02,2.599021484831022522e-03,2.115265703574873996e-03,1.044320107560746912e-02,1.184027431168501954e+00,-3.541263014772441306e-03,6.966320039234127903e-04,2.926083753651220754e-02,-2.959893742081838933e-02,-2.231011230192926284e-02,-3.541263014772441306e-03,1.097573574831216980e+00,-1.383742491923962634e-02,-5.607953134770234192e-04,1.386541510011422319e-02,1.359026444780579712e-02,6.966320039234127903e-04,-1.383742491923962634e-02,9.445903222971372415e-01
1.263813625148276554e+00,-2.014937076049215861e-02,2.648318071671378234e-03,3.434048432869733856e-03,4.213141896636167505e-02,-1.134570224140181785e-03,-2.014937076049215861e-02,1.256515965603906215e+00,2.147048000774065893e-02,3.175686397411469231e-03,-4.155474883875607400e-02,2.005723264170031564e-02,2.648318071671378234e-03,2.147048000774065893e-02,1.224886501937582750e+00,1.472093498850542831e-02,-3.144590593535554618e-02,1.938830851840909336e-02,3.434048432869733856e-03,3.175686397411469231e-03,1.472093498850542831e-02,1.184027431168501954e+00,-4.705282876548802160e-03,9.050352995676984444e-04,4.213141896636167505e-02,-4.155474883875607400e-02,-3.144590593535554618e-02,-4.705282876548802160e-03,1.097573574831216980e+00,-1.978108616047333929e-02,-1.134570224140181785e-03,2.005723264170031564e-02,1.938830851840909336e-02,9.050352995676984444e-04,-1.978108616047333929e-02,9.445903222971372415e-01
1.263813625148276554e+00,-2.553422186009894970e-02,2.857471998985796745e-03,4.034193805038159553e-03,5.391000283086377909e-02,-1.836018510087487031e-03,-2.553422186009894970e-02,1.256515965603906215e+00,2.744826317562107376e-02,4.198804766622371044e-03,-5.197433286632417715e-02,2.576849877998393934e-02,2.857471998985796745e-03,2.744826317562107376e-02,1.224886501937582750e+00,1.845536315293845944e-02,-3.947211790838513895e-02,2.458859895705904283e-02,4.034193805038159553e-03,4.198804766622371044e-03,1.845536315293845944e-02,1.184027431168501954e+00,-5.574119520368996800e-03,1.032579390374893918e-03,5.391000283086377909e-02,-5.197433286632417715e-02,-3.947211790838513895e-02,-5.574119520368996800e-03,1.097573574831216980e+00,-2.516084111747960567e-02,-1.836018510087487031e-03,2.576849877998393934e-02,2.458859895705904283e-02,1.032579390374893918e-03,-2.516084111747960567e-02,9.445903222971372415e-01
1.263813625148276554e+00,-3.035944310369196111e-02,2.850519224753450803e-03,4.445307376555674567e-03,6.466414837928105563e-02,-2.624986675061709816e-03,-3.035944310369196111e-02,1.256515965603906215e+00,3.286814046096130787e-02,5.168400039704344924e-03,-6.107381297790991787e-02,3.101835369281011681e-02,2.850519224753450803e-03,3.286814046096130787e-02,1.224886501937582750e+00,2.170757945364962943e-02,-4.653387635548433127e-02,2.924191198056875704e-02,4.445307376555674567e-03,5.168400039704344924e-03,2.170757945364962943e-02,1.184027431168501954e+00,-6.209326167454560889e-03,1.089699339867460526e-03,6.466414837928105563e-02,-6.107381297790991787e-02,-4.653387635548433127e-02,-6.209326167454560889e-03,1.097573574831216980e+00,-3.003286648563379888e-02,-2.624986675061709816e-03,3.101835369281011681e-02,2.924191198056875704e-02,1.089699339867460526e-03,-3.003286648563379888e-02,9.445903222971372415e-01
1.263813625148276554e+00,-3.468012333341768949e-02,2.682012962420853193e-03,4.705928545396672984e-03,7.446326249694402988e-02,-3.468788117633091195e-03,-3.468012333341768949e-02,1.256515965603906215e+00,3.776301825474095986e-02,6.075238922573933213e-03,-6.903550758136389742e-02,3.583032208445623840e-02,2.682012962420853193e-03,3.776301825474095986e-02,1.224886501937582750e+00,2.453439585962487179e-02,-5.275544232506545334e-02,3.339773768412215849e-02,4.705928545396672984e-03,6.075238922573933213e-03,2.453439585962487179e-02,1.184027431168501954e+00,-6.660145982827677877e-03,1.086877635918727597e-03,7.446326249694402988e-02,-6.903550758136389742e-02,-5.275544232506545334e-02,-6.660145982827677877e-03,1.097573574831216980e+00,-3.444736796362092568e-02,-3.468788117633091195e-03,3.583032208445623840e-02,3.339773768412215849e-02,1.086877635918727597e-03,-3.444736796362092568e-02,9.445903222971372415e-01
1.263813625148276554e+00,-3.854631146644341144e-02,2.396396320240593882e-03,4.848128095970039367e-03,8.337663321751601075e-02,-4.341222724091706349e-03,-3.854631146644341144e-02,1.256515965603906215e+00,4.216968916322551969e-02,6.915003543965513554e-03,-7.601379905188070107e-02,4.023054028206038413e-02,2.396396320240593882e-03,4.216968916322551969e-02,1.224886501937582750e+00,2.698774627003115364e-02,-5.824352475789430078e-02,3.710335276542224558e-02,4.848128095970039367e-03,6.915003543965513554e-03,2.698774627003115364e-02,1.184027431168501954e+00,-6.966002121402116443e-03,1.034184652413354302e-03,8.337663321751601075e-02,-7.601379905188070107e-02,-5.824352475789430078e-02,-6.966002121402116443e-03,1.097573574831216980e+00,-3.844922053023460545e-02,-4.341222724091706349e-03,4.023054028206038413e-02,3.710335276542224558e-02,1.034184652413354302e-03,-3.844922053023460545e-02,9.445903222971372415e-01
1.263813625148276554e+00,-4.200345722929159364e-02,2.029392426599805049e-03,4.898355999535976626e-03,9.147203628879235771e-02,-5.221637809331444204e-03,-4.200345722929159364e-02,1.256515965603906215e+00,4.612647891673978678e-02,7.686763011351570828e-03,-8.213989682123448710e-02,4.424642150741725510e-02,2.029392426599805049e-03,4.612647891673978678e-02,1.224886501937582750e+00,2.911449474772882101e-02,-6.309002376861710948e-02,4.040322853686513505e-02,4.898355999535976626e-03,7.686763011351570828e-03,2.911449474772882101e-02,1.184027431168501954e+00,-7.158463985884422169e-03,9.409829710525913476e-04,9.147203628879235771e-02,-8.213989682123448710e-02,-6.309002376861710948e-02,-7.158463985884422169e-03,1.097573574831216980e+00,-4.207856625002312501e-02,-5.221637809331444204e-03,4.424642150741725510e-02,4.040322853686513505e-02,9.409829710525913476e-04,-4.207856625002312501e-02,9.445903222971372415e-01
1.263813625148276554e+00,-4.509280676383204539e-02,1.609333082680422956e-03,4.878248414000928984e-03,9.881477557048255755e-02,-6.094059350825918424e-03,-4.509280676383204539e-02,1.256515965603906215e+00,4.967163960196629979e-02,8.391855690070431500e-03,-8.752571157885173647e-02,4.790567252721117386e-02,1.609333082680422956e-03,4.967163960196629979e-02,1.224886501937582750e+00,3.095651016077297438e-02,-6.737430559061748092e-02,4.333869590994586518e-02,4.878248414000928984e-03,8.391855690070431500e-03,3.095651016077297438e-02,1.184027431168501954e+00,-7.262806681593856999e-03,8.157567953098283572e-04,9.881477557048255755e-02,-8.752571157885173647e-02,-6.737430559061748092e-02,-7.262806681593856999e-03,1.097573574831216980e+00,-4.537135525476771597e-02,-6.094059350825918424e-03,4.790567252721117386e-02,4.333869590994586518e-02,8.157567953098283572e-04,-4.537135525476771597e-02,9.445903222971372415e-01
1.263813625148276554e+00,-4.785175921295001938e-02,1.158374838562511956e-03,4.805367307044878730e-03,1.054670504191490138e-01,-6.946409381658967194e-03,-4.785175921295001938e-02,1.256515965603906215e+00,5.284228499953197433e-02,9.033079885367592890e-03,-9.226701617873159234e-02,5.123558776998174413e-02,1.158374838562511956e-03,5.284228499953197433e-02,1.224886501937582750e+00,3.255090751515415243e-02,-7.116509372533472155e-02,4.594780132562135272e-02,4.805367307044878730e-03,9.033079885367592890e-03,3.255090751515415243e-02,1.184027431168501954e+00,-7.299252370841126901e-03,6.660336098625829716e-04,1.054670504191490138e-01,-9.226701617873159234e-02,-7.116509372533472155e-02,-7.299252370841126901e-03,1.097573574831216980e+00,-4.835982668754999769e-02,-6.946409381658967194e-03,5.123558776998174413e-02,4.594780132562135272e-02,6.660336098625829716e-04,-4.835982668754999769e-02,9.445903222971372415e-01
1.263813625148276554e+00,-5.031419052835284234e-02,6.935788557440800139e-04,4.693860190170437777e-03,1.114875680546224129e-01,-7.769815770048683033e-03,-5.031419052835284234e-02,1.256515965603906215e+00,5.567371652072575922e-02,9.614114575678019137e-03,-9.644603393419802495e-02,5.426255930992919529e-02,6.935788557440800139e-04,5.567371652072575922e-02,1.224886501937582750e+00,3.393038538604772197e-02,-7.452204537023297826e-02,4.826530003476453556e-02,4.693860190170437777e-03,9.614114575678019137e-03,3.393038538604772197e-02,1.184027431168501954e+00,-7.283961467771154531e-03,4.983713231581837549e-04,1.114875680546224129e-01,-9.644603393419802495e-02,-7.452204537023297826e-02,-7.283961467771154531e-03,1.097573574831216980e+00,-5.107293206250734796e-02,-7.769815770048683033e-03,5.426255930992919529e-02,4.826530003476453556e-02,4.983713231581837549e-04,-5.107293206250734796e-02,9.445903222971372415e-01
1.263813625148276554e+00,-5.251074980484386756e-02,2.278485450372878763e-04,4.555036772198524896e-03,1.169313379818044951e-01,-8.558013922633132819e-03,-5.251074980484386756e-02,1.256515965603906215e+00,5.819902774231234394e-02,1.013911056395129517e-02,-1.001335664364764594e-01,5.701175234040774253e-02,2.278485450372878763e-04,5.819902774231234394e-02,1.224886501937582750e+00,3.512361062803903700e-02,-7.749706947825019121e-02,5.032274450592028742e-02,4.555036772198524896e-03,1.013911056395129517e-02,3.512361062803903700e-02,1.184027431168501954e+00,-7.229826161057095572e-03,3.183898022825379067e-04,1.169313379818044951e-01,-1.001335664364764594e-01,-7.749706947825019121e-02,-7.229826161057095572e-03,1.097573574831216980e+00,-5.353670607066460252e-02,-8.558013922633132819e-03,5.701175234040774253e-02,5.032274450592028742e-02,3.183898022825379067e-04,-5.353670607066460252e-02,9.445903222971372415e-01
1.263813625148276554e+00,-5.446913224384049290e-02,-2.292703157717197585e-04,4.397865167638957337e-03,1.218496002205790851e-01,-9.306835626137738293e-03,-5.446913224384049290e-02,1.256515965603906215e+00,6.044890510018877811e-02,1.061240694538602425e-02,-1.033907500869638563e-01,5.950690561566940318e-02,-2.292703157717197585e-04,6.044890510018877811e-02,1.224886501937582750e+00,3.615561753994154387e-02,-8.013543236465699160e-02,5.214863552989240647e-02,4.397865167638957337e-03,1.061240694538602425e-02,3.615561753994154387e-02,1.184027431168501954e+00,-7.147107107053334712e-03,1.308306706114335100e-04,1.218496002205790851e-01,-1.033907500869638563e-01,-8.013543236465699160e-02,-7.147107107053334712e-03,1.097573574831216980e+00,-5.577459074505572434e-02,-9.306835626137738293e-03,5.950690561566940318e-02,5.214863552989240647e-02,1.308306706114335100e-04,-5.577459074505572434e-02,9.445903222971372415e-01
1.263813625148276554e+00,-5.621433174942507688e-02,-6.709162863280352003e-04,4.229393641859303249e-03,1.262898504079837114e-01,-1.001377771945524686e-02,-5.621433174942507688e-02,1.256515965603906215e+00,6.245156436826868745e-02,1.103833899477607919e-02,-1.062705122704487859e-01,6.177022474115313050e-02,-6.709162863280352003e-04,6.245156436826868745e-02,1.224886501937582750e+00,3.704820020875222025e-02,-8.247668824574551361e-02,5.376861168011642239e-02,4.229393641859303249e-03,1.103833899477607919e-02,3.704820020875222025e-02,1.184027431168501954e+00,-7.043945267655609722e-03,-6.036661589480735380e-05,1.262898504079837114e-01,-1.062705122704487859e-01,-8.247668824574551361e-02,-7.043945267655609722e-03,1.097573574831216980e+00,-5.780771889385688533e-02,-1.001377771945524686e-02,6.177022474115313050e-02,5.376861168011642239e-02,-6.036661589480735380e-05,-5.780771889385688533e-02,9.445903222971372415e-01
1.263813625148276554e+00,-5.776887529252369008e-02,-1.092352225771080643e-03,4.055105526843906863e-03,1.302959335656435069e-01,-1.067764206703280573e-02,-5.776887529252369008e-02,1.256515965603906215e+00,6.423277896864827696e-02,1.142111215643079256e-02,-1.088187836412503606e-01,6.382234318548632435e-02,-1.092352225771080643e-03,6.423277896864827696e-02,1.224886501937582750e+00,3.782028494937093865e-02,-8.455546514515689671e-02,5.520565926962306413e-02,4.055105526843906863e-03,1.142111215643079256e-02,3.782028494937093865e-02,1.184027431168501954e+00,-6.926774052185294406e-03,-2.519810554720541677e-04,1.302959335656435069e-01,-1.088187836412503606e-01,-8.455546514515689671e-02,-6.926774052185294406e-03,1.097573574831216980e+00,-5.965516227818690176e-02,-1.067764206703280573e-02,6.382234318548632435e-02,5.520565926962306413e-02,-2.519810554720541677e-04,-5.965516227818690176e-02,9.445903222971372415e-01
1.263813625148276554e+00,-5.915304055707421710e-02,-1.490504076654349669e-03,3.879215484134175551e-03,1.339081850682762032e-01,-1.129823797711730117e-02,-5.915304055707421710e-02,1.256515965603906215e+00,6.581596833572689320e-02,1.176472334499173086e-02,-1.110755115824821893e-01,6.568233159526597198e-02,-1.490504076654349669e-03,6.581596833572689320e-02,1.224886501937582750e+00,3.848827545730842958e-02,-8.640213096167022322e-02,5.648033001618493060e-02,3.879215484134175551e-03,1.176472334499173086e-02,3.848827545730842958e-02,1.184027431168501954e+00,-6.800651645941045882e-03,-4.414247751734333034e-04,1.339081850682762032e-01,-1.110755115824821893e-01,-8.640213096167022322e-02,-6.800651645941045882e-03,1.097573574831216980e+00,-6.133414940710880947e-02,-1.129823797711730117e-02,6.568233159526597198e-02,5.648033001618493060e-02,-4.414247751734333034e-04,-6.133414940710880947e-02,9.445903222971372415e-01
1.263813625148276554e+00,-6.038505797130952479e-02,-1.863584373080969924e-03,3.704915146379551740e-03,1.371636025604344444e-01,-1.187613845942171037e-02,-6.038505797130952479e-02,1.256515965603906215e+00,6.722232355385472646e-02,1.207291569659890880e-02,-1.130755108956267851e-01,6.736774057833765095e-02,-1.863584373080969924e-03,6.722232355385472646e-02,1.224886501937582750e+00,3.906636717167250722e-02,-8.804335992162656832e-02,5.761095751576267993e-02,3.704915146379551740e-03,1.207291569659890880e-02,3.906636717167250722e-02,1.184027431168501954e+00,-6.669529296465753418e-03,-6.266601211522591442e-04,1.371636025604344444e-01,-1.130755108956267851e-01,-8.804335992162656832e-02,-6.669529296465753418e-03,1.097573574831216980e+00,-6.286025718277210572e-02,-1.187613845942171037e-02,6.736774057833765095e-02,5.761095751576267993e-02,-6.266601211522591442e-04,-6.286025718277210572e-02,9.445903222971372415e-01
1.263813625148276554e+00,-6.148129797798387863e-02,-2.210787392636172789e-03,3.534575628540352881e-03,1.400960365961430310e-01,-1.241248231310733419e-02,-6.148129797798387863e-02,1.256515965603906215e+00,6.847095410939441074e-02,1.234915661382222918e-02,-1.148491806699953321e-01,6.889466575429388506e-02,-2.210787392636172789e-03,6.847095410939441074e-02,1.224886501937582750e+00,3.956682991509626740e-02,-8.950261594159444889e-02,5.861386655401709667e-02,3.534575628540352881e-03,1.234915661382222918e-02,3.956682991509626740e-02,1.184027431168501954e+00,-6.536468107667181733e-03,-8.061217046660207677e-04,1.400960365961430310e-01,-1.148491806699953321e-01,-8.950261594159444889e-02,-6.536468107667181733e-03,1.097573574831216980e+00,-6.424758002188217521e-02,-1.241248231310733419e-02,6.889466575429388506e-02,5.861386655401709667e-02,-8.061217046660207677e-04,-6.424758002188217521e-02,9.445903222971372415e-01
1.263813625148276554e+00,-6.245644426169131430e-02,-2.532044219906506421e-03,3.369913660656255385e-03,1.427363908864685560e-01,-1.290881481268664650e-02,-6.245644426169131430e-02,1.256515965603906215e+00,6.957904445002434379e-02,1.259663171413350630e-02,-1.164231106610675859e-01,7.027782671661771119e-02,-2.532044219906506421e-03,6.957904445002434379e-02,1.224886501937582750e+00,4.000025951685712983e-02,-9.080056643723502519e-02,5.950357145621329447e-02,3.369913660656255385e-03,1.259663171413350630e-02,4.000025951685712983e-02,1.184027431168501954e+00,-6.403814357277609268e-03,-9.786448616444654979e-04,1.427363908864685560e-01,-1.164231106610675859e-01,-9.080056643723502519e-02,-6.403814357277609268e-03,1.097573574831216980e+00,-6.550887953574627276e-02,-1.290881481268664650e-02,7.027782671661771119e-02,5.950357145621329447e-02,-9.786448616444654979e-04,-6.550887953574627276e-02,9.445903222971372415e-01
1.263813625148276554e+00,-6.332365358972395775e-02,-2.827827448151516102e-03,3.212127283004238918e-03,1.451128254387885064e-01,-1.336696060480002668e-02,-6.332365358972395775e-02,1.256515965603906215e+00,7.056201258216945882e-02,1.281824934650562312e-02,-1.178205960515005951e-01,7.153065375725757569e-02,-2.827827448151516102e-03,7.056201258216945882e-02,1.224886501937582750e+00,4.037580011565180399e-02,-9.195543769643749199e-02,6.029296125678651475e-02,3.212127283004238918e-03,1.281824934650562312e-02,4.037580011565180399e-02,1.184027431168501954e+00,-6.273341350710014835e-03,-1.143401216480485066e-03,1.451128254387885064e-01,-1.178205960515005951e-01,-9.195543769643749199e-02,-6.273341350710014835e-03,1.097573574831216980e+00,-6.665571737918175865e-02,-1.336696060480002668e-02,7.153065375725757569e-02,6.029296125678651475e-02,-1.143401216480485066e-03,-6.665571737918175865e-02,9.445903222971372415e-01
1.263813625148276554e+00,-6.409470290517856050e-02,-3.098996681949305748e-03,3.062006239242428748e-03,1.472509577173895523e-01,-1.378892327084261030e-02,-6.409470290517856050e-02,1.256515965603906215e+00,7.143366550274356241e-02,1.301665185881692270e-02,-1.190620759268959661e-01,7.266537789922894452e-02,-3.098996681949305748e-03,7.143366550274356241e-02,1.224886501937582750e+00,4.070133938309360155e-02,-9.298332097741082714e-02,6.099347059994098680e-02,3.062006239242428748e-03,1.301665185881692270e-02,4.070133938309360155e-02,1.184027431168501954e+00,-6.146364236993202487e-03,-1.299841513016252240e-03,1.472509577173895523e-01,-1.190620759268959661e-01,-9.298332097741082714e-02,-6.146364236993202487e-03,1.097573574831216980e+00,-6.769857347704784367e-02,-1.378892327084261030e-02,7.266537789922894452e-02,6.099347059994098680e-02,-1.299841513016252240e-03,-6.769857347704784367e-02,9.445903222971372415e-01
1.263813625148276554e+00,-6.478012431600636833e-02,-3.346677342622494770e-03,2.920021448245062236e-03,1.491740583710696177e-01,-1.417680680577935309e-02,-6.478012431600636833e-02,1.256515965603906215e+00,7.220634810863074682e-02,1.319423091420643575e-02,-1.201655079736513865e-01,7.369312107325344530e-02,-3.346677342622494770e-03,7.220634810863074682e-02,1.224886501937582750e+00,4.098367915422391344e-02,-9.389843690528804077e-02,6.161523607270811415e-02,2.920021448245062236e-03,1.319423091420643575e-02,4.098367915422391344e-02,1.184027431168501954e+00,-6.023832950300726796e-03,-1.447645526526944232e-03,1.491740583710696177e-01,-1.201655079736513865e-01,-9.389843690528804077e-02,-6.023832950300726796e-03,1.097573574831216980e+00,-6.864695149959010312e-02,-1.417680680577935309e-02,7.369312107325344530e-02,6.161523607270811415e-02,-1.447645526526944232e-03,-6.864695149959010312e-02,9.445903222971372415e-01
1.263813625148276554e+00,-6.538932863731250489e-02,-3.572166483134828902e-03,2.786397253236249164e-03,1.509032391552468932e-01,-1.453275498872292661e-02,-6.538932863731250489e-02,1.256515965603906215e+00,7.289108354618549501e-02,1.335314496948644680e-02,-1.211466896451905140e-01,7.462398424837959898e-02,-3.572166483134828902e-03,7.289108354618549501e-02,1.224886501937582750e+00,4.122868400087745244e-02,-9.471336445112298053e-02,6.216723820869619888e-02,2.786397253236249164e-03,1.335314496948644680e-02,4.122868400087745244e-02,1.184027431168501954e+00,-5.906407434266902623e-03,-1.586678651851847893e-03,1.509032391552468932e-01,-1.211466896451905140e-01,-9.471336445112298053e-02,-5.906407434266902623e-03,1.097573574831216980e+00,-6.950947317587539975e-02,-1.453275498872292661e-02,7.462398424837959898e-02,6.216723820869619888e-02,-1.586678651851847893e-03,-6.950947317587539975e-02,9.445903222971372415e-01
1.263813625148276554e+00,-6.593071815772796884e-02,-3.776860376948930342e-03,2.661169545973928081e-03,1.524576314980913561e-01,-1.485890526578625796e-02,-6.593071815772796884e-02,1.256515965603906215e+00,7.349770389438181617e-02,1.349533762045240608e-02,-1.220195342261829741e-01,7.546713205490020171e-02,-3.776860376948930342e-03,7.349770389438181617e-02,1.224886501937582750e+00,4.144141021021407328e-02,-9.543923972646373155e-02,6.265742975129830195e-02,2.661169545973928081e-03,1.349533762045240608e-02,4.144141021021407328e-02,1.184027431168501954e+00,-5.794518501962340855e-03,-1.716954637693128474e-03,1.524576314980913561e-01,-1.220195342261829741e-01,-9.543923972646373155e-02,-5.794518501962340855e-03,1.097573574831216980e+00,-7.029396279990117458e-02,-1.485890526578625796e-02,7.546713205490020171e-02,6.265742975129830195e-02,-1.716954637693128474e-03,-7.029396279990117458e-02,9.445903222971372415e-01
1.263813625148276554e+00,-6.641178930921502743e-02,-3.962199557394486919e-03,2.544232344062935698e-03,1.538545547803885638e-01,-1.515735432868919701e-02,-6.641178930921502743e-02,1.256515965603906215e+00,7.403497072350230523e-02,1.362255594559767455e-02,-1.227963087589298702e-01,7.623087297715512578e-02,-3.962199557394486919e-03,7.403497072350230523e-02,1.224886501937582750e+00,4.162621748425559404e-02,-9.608592896813643314e-02,6.309285098044668805e-02,2.544232344062935698e-03,1.362255594559767455e-02,4.162621748425559404e-02,1.184027431168501954e+00,-5.688417040071477686e-03,-1.838603877480445795e-03,1.538545547803885638e-01,-1.227963087589298702e-01,-9.608592896813643314e-02,-5.688417040071477686e-03,1.097573574831216980e+00,-7.100752308868996110e-02,-1.515735432868919701e-02,7.623087297715512578e-02,6.309285098044668805e-02,-1.838603877480445795e-03,-7.100752308868996110e-02,9.445903222971372415e-01
1.263813625148276554e+00,-6.683922592095489779e-02,-4.129627759800742585e-03,2.435374956109293432e-03,1.551096738624730409e-01,-1.543013305706412291e-02,-6.683922592095489779e-02,1.256515965603906215e+00,7.451068551365207238e-02,1.373636828490579914e-02,-1.234878396091854680e-01,7.692273458847313783e-02,-4.129627759800742585e-03,7.451068551365207238e-02,1.224886501937582750e+00,4.178686549087239077e-02,-9.666217938403330601e-02,6.347973302561564501e-02,2.435374956109293432e-03,1.373636828490579914e-02,4.178686549087239077e-02,1.184027431168501954e+00,-5.588213748568360804e-03,-1.951846652217651551e-03,1.551096738624730409e-01,-1.234878396091854680e-01,-9.666217938403330601e-02,-5.588213748568360804e-03,1.097573574831216980e+00,-7.165660338899253190e-02,-1.543013305706412291e-02,7.692273458847313783e-02,6.347973302561564501e-02,-1.951846652217651551e-03,-7.165660338899253190e-02,9.445903222971372415e-01
1.263813625148276554e+00,-6.721898373140285099e-02,-4.280561871360742676e-03,2.334311495064476764e-03,1.562371457339657710e-01,-1.567918890466794835e-02,-6.721898373140285099e-02,1.256515965603906215e+00,7.493179021089212133e-02,1.383818110654026594e-02,-1.241036904834049437e-01,7.754953358531123386e-02,-4.280561871360742676e-03,7.493179021089212133e-02,1.224886501937582750e+00,4.192659719497588561e-02,-9.717575095166633425e-02,6.382359013844401963e-02,2.334311495064476764e-03,1.383818110654026594e-02,4.192659719497588561e-02,1.184027431168501954e+00,-5.493911191146851579e-03,-2.056970735078116411e-03,1.562371457339657710e-01,-1.241036904834049437e-01,-9.717575095166633425e-02,-5.493911191146851579e-03,1.097573574831216980e+00,-7.224706109332043602e-02,-1.567918890466794835e-02,7.754953358531123386e-02,6.382359013844401963e-02,-2.056970735078116411e-03,-7.224706109332043602e-02,9.445903222971372415e-01
1.263813625148276554e+00,-6.755636681860004156e-02,-4.416370538237330765e-03,2.240704186527803666e-03,1.572497554108141515e-01,-1.590637415738438074e-02,-6.755636681860004156e-02,1.256515965603906215e+00,7.530445838536629910e-02,1.392925476550775470e-02,-1.246523169211100901e-01,7.811744057954515819e-02,-4.416370538237330765e-03,7.530445838536629910e-02,1.224886501937582750e+00,4.204821069530954858e-02,-9.763353178314332359e-02,6.412930190235600902e-02,2.240704186527803666e-03,1.392925476550775470e-02,4.204821069530954858e-02,1.184027431168501954e+00,-5.405429596415302351e-03,-2.154312800150535480e-03,1.572497554108141515e-01,-1.246523169211100901e-01,-9.763353178314332359e-02,-5.405429596415302351e-03,1.097573574831216980e+00,-7.278421701208223626e-02,-1.590637415738438074e-02,7.811744057954515819e-02,6.412930190235600902e-02,-2.154312800150535480e-03,-7.278421701208223626e-02,9.445903222971372415e-01
1.263813625148276554e+00,-6.785609658836246061e-02,-4.538359530540354327e-03,2.154181657742319182e-03,1.581590413808274254e-01,-1.611343878195078613e-02,-6.785609658836246061e-02,1.256515965603906215e+00,7.563417756625694099e-02,1.401071806258460430e-02,-1.251412006396303289e-01,7.863203974761935611e-02,-4.538359530540354327e-03,7.563417756625694099e-02,1.224886501937582750e+00,4.215412109625720632e-02,-9.804163927396182532e-02,6.440118632950525557e-02,2.154181657742319182e-03,1.401071806258460430e-02,4.215412109625720632e-02,1.184027431168501954e+00,-5.322627579262184140e-03,-2.244243120822200701e-03,1.581590413808274254e-01,-1.251412006396303289e-01,-9.804163927396182532e-02,-5.322627579262184140e-03,1.097573574831216980e+00,-7.327290535264106841e-02,-1.611343878195078613e-02,7.863203974761935611e-02,6.440118632950525557e-02,-2.244243120822200701e-03,-7.327290535264106841e-02,9.445903222971372415e-01
1.263813625148276554e+00,-6.812237393424314114e-02,-4.647762337337416408e-03,2.074353176794136756e-03,1.589754110203567272e-01,-1.630202682648955459e-02,-6.812237393424314114e-02,1.256515965603906215e+00,7.592582338529990649e-02,1.408358158212227353e-02,-1.255769665762007381e-01,7.909838352879813850e-02,-4.647762337337416408e-03,7.592582338529990649e-02,1.224886501937582750e+00,4.224641376077418325e-02,-9.840550892333101152e-02,6.464306474856905405e-02,2.074353176794136756e-03,1.408358158212227353e-02,4.224641376077418325e-02,1.184027431168501954e+00,-5.245318733023555599e-03,-2.327153091375711459e-03,1.589754110203567272e-01,-1.255769665762007381e-01,-9.840550892333101152e-02,-5.245318733023555599e-03,1.097573574831216980e+00,-7.371751887491291566e-02,-1.630202682648955459e-02,7.909838352879813850e-02,6.464306474856905405e-02,-2.327153091375711459e-03,-7.371751887491291566e-02,9.445903222971372415e-01
1.263813625148276554e+00,-6.835893515343964555e-02,-4.745734768307994199e-03,2.000819633109534017e-03,1.597082464841290961e-01,-1.647367553432290202e-02,-6.835893515343964555e-02,1.256515965603906215e+00,7.618372618038207755e-02,1.414874983344355588e-02,-1.259654850323436437e-01,7.952104262421370862e-02,-4.745734768307994199e-03,7.618372618038207755e-02,1.224886501937582750e+00,4.232689012260025530e-02,-9.872997243837995651e-02,6.485831932848613868e-02,2.000819633109534017e-03,1.414874983344355588e-02,4.232689012260025530e-02,1.184027431168501954e+00,-5.173284865943288645e-03,-2.403445154782078361e-03,1.597082464841290961e-01,-1.259654850323436437e-01,-9.872997243837995651e-02,-5.173284865943288645e-03,1.097573574831216980e+00,-7.412204972406434555e-02,-1.647367553432290202e-02,7.952104262421370862e-02,6.485831932848613868e-02,-2.403445154782078361e-03,-7.412204972406434555e-02,9.445903222971372415e-01
1.263813625148276554e+00,-6.856910217030311172e-02,-4.833352587017579471e-03,1.933181903583841392e-03,1.603660016177505809e-01,-1.662981649763541070e-02,-6.856910217030311172e-02,1.256515965603906215e+00,7.641173070537836398e-02,1.420703224946762676e-02,-1.263119609602119386e-01,7.990415158298996845e-02,-4.833352587017579471e-03,7.641173070537836398e-02,1.224886501937582750e+00,4.239710708435572711e-02,-9.901932650376454870e-02,6.504994401889270528e-02,1.933181903583841392e-03,1.420703224946762676e-02,4.239710708435572711e-02,1.184027431168501954e+00,-5.106286511787492405e-03,-2.473524767983973239e-03,1.603660016177505809e-01,-1.263119609602119386e-01,-9.901932650376454870e-02,-5.106286511787492405e-03,1.097573574831216980e+00,-7.449012638182414547e-02,-1.662981649763541070e-02,7.990415158298996845e-02,6.504994401889270528e-02,-2.473524767983973239e-03,-7.449012638182414547e-02,9.445903222971372415e-01
1.263813625148276554e+00,-6.875582758486360746e-02,-4.911611402594995290e-03,1.871047128253463436e-03,1.609562904660188087e-01,-1.677177831298190536e-02,-6.875582758486360746e-02,1.256515965603906215e+00,7.661324957049693574e-02,1.425915311309604479e-02,-1.266210121262396626e-01,8.025145027839136747e-02,-4.911611402594995290e-03,7.661324957049693574e-02,1.224886501937582750e+00,4.245841089290102593e-02,-9.927739340392276179e-02,6.522058962173792052e-02,1.871047128253463436e-03,1.425915311309604479e-02,4.245841089290102593e-02,1.184027431168501954e+00,-5.044071227862154290e-03,-2.537794081677873567e-03,1.609562904660188087e-01,-1.266210121262396626e-01,-9.927739340392276179e-02,-5.044071227862154290e-03,1.097573574831216980e+00,-7.482504712718124340e-02,-1.677177831298190536e-02,8.025145027839136747e-02,6.522058962173792052e-02,-2.537794081677873567e-03,-7.482504712718124340e-02,9.445903222971372415e-01
1.263813625148276554e+00,-6.892173502874694713e-02,-4.981428209956327915e-03,1.814033320812336383e-03,1.614859679561261863e-01,-1.690079031132297668e-02,-6.892173502874694713e-02,1.256515965603906215e+00,7.679131100517370967e-02,1.430576049047716652e-02,-1.268967376329235563e-01,8.056632158092563722e-02,-4.981428209956327915e-03,7.679131100517370967e-02,1.224886501937582750e+00,4.251196626373780763e-02,-9.950757452115623070e-02,6.537260364303935922e-02,1.814033320812336383e-03,1.430576049047716652e-02,4.251196626373780763e-02,1.184027431168501954e+00,-4.986380098890137724e-03,-2.596647053865044474e-03,1.614859679561261863e-01,-1.268967376329235563e-01,-9.950757452115623070e-02,-4.986380098890137724e-03,1.097573574831216980e+00,-7.512981035341323444e-02,-1.690079031132297668e-02,8.056632158092563722e-02,6.537260364303935922e-02,-2.596647053865044474e-03,-7.512981035341323444e-02,9.445903222971372415e-01
1.263813625148276554e+00,-6.906915527577636715e-02,-5.043644100485271051e-03,1.761772658657843318e-03,1.619612033278892693e-01,-1.701798702540104763e-02,-6.906915527577636715e-02,1.256515965603906215e+00,7.694860149738862176e-02,1.434743425321751385e-02,-1.271427780659268036e-01,8.085182553051827037e-02,-5.043644100485271051e-03,7.694860149738862176e-02,1.224886501937582750e+00,4.255878142116006901e-02,-9.971289759365059568e-02,6.550806551071911010e-02,1.761772658657843318e-03,1.434743425321751385e-02,4.255878142116006901e-02,1.184027431168501954e+00,-4.932952788058526418e-03,-2.650465754835761457e-03,1.619612033278892693e-01,-1.271427780659268036e-01,-9.971289759365059568e-02,-4.932952788058526418e-03,1.097573574831216980e+00,-7.540714205034881878e-02,-1.701798702540104763e-02,8.085182553051827037e-02,6.550806551071911010e-02,-2.650465754835761457e-03,-7.540714205034881878e-02,9.445903222971372415e-01
1.263813625148276554e+00,-6.920015852003877366e-02,-5.099027770985118529e-03,1.713913731339086364e-03,1.623875468670192002e-01,-1.712441313040375876e-02,-6.920015852003877366e-02,1.256515965603906215e+00,7.708750382224625886e-02,1.438469327084394671e-02,-1.273623683537618567e-01,8.111073029916937571e-02,-5.099027770985118529e-03,7.708750382224625886e-02,1.224886501937582750e+00,4.259972962905237553e-02,-9.989605849927606085e-02,6.562881768502544511e-02,1.713913731339086364e-03,1.438469327084394671e-02,4.259972962905237553e-02,1.184027431168501954e+00,-4.883531413699519937e-03,-2.699617655664228715e-03,1.623875468670192002e-01,-1.273623683537618567e-01,-9.989605849927606085e-02,-4.883531413699519937e-03,1.097573574831216980e+00,-7.565952072759753178e-02,-1.712441313040375876e-02,8.111073029916937571e-02,6.562881768502544511e-02,-2.699617655664228715e-03,-7.565952072759753178e-02,9.445903222971372415e-01
1.263813625148276554e+00,-6.931658320071892865e-02,-5.148279543531358339e-03,1.670122972617820280e-03,1.627699904749963233e-01,-1.722102865299019597e-02,-6.931658320071892865e-02,1.256515965603906215e+00,7.721013093089861001e-02,1.441800185169362855e-02,-1.275583842752565367e-01,8.134554022102648274e-02,-5.148279543531358339e-03,7.721013093089861001e-02,1.224886501937582750e+00,4.263556770734865803e-02,-1.000594582300943780e-01,6.573649313279281148e-02,1.670122972617820280e-03,1.441800185169362855e-02,4.263556770734865803e-02,1.184027431168501954e+00,-4.837863478817958779e-03,-2.744453722806872078e-03,1.627699904749963233e-01,-1.275583842752565367e-01,-1.000594582300943780e-01,-4.837863478817958779e-03,1.097573574831216980e+00,-7.588920002543195209e-02,-1.722102865299019597e-02,8.134554022102648274e-02,6.573649313279281148e-02,-2.744453722806872078e-03,-7.588920002543195209e-02,9.445903222971372415e-01
1.263813625148276554e+00,-6.942006172091130800e-02,-5.192035676519537665e-03,1.630085457644399240e-03,1.631130225825156155e-01,-1.730871429138320858e-02,-6.942006172091130800e-02,1.256515965603906215e+00,7.731835612981835526e-02,1.444777550587309639e-02,-1.277333834211070163e-01,8.155852115011291703e-02,-5.192035676519537665e-03,7.731835612981835526e-02,1.224886501937582750e+00,4.266695195989407552e-02,-1.002052356361260999e-01,6.583253958599673272e-02,1.630085457644399240e-03,1.444777550587309639e-02,4.266695195989407552e-02,1.184027431168501954e+00,-4.795704038848527286e-03,-2.785307168216534339e-03,1.631130225825156155e-01,-1.277333834211070163e-01,-1.002052356361260999e-01,-4.795704038848527286e-03,1.097573574831216980e+00,-7.609822923446729614e-02,-1.730871429138320858e-02,8.155852115011291703e-02,6.583253958599673272e-02,-2.785307168216534339e-03,-7.609822923446729614e-02,9.445903222971372415e-01
1.263813625148276554e+00,-6.951204337715495563e-02,-5.230872800969717760e-03,1.593505211186894630e-03,1.634206778843773078e-01,-1.738827672744061234e-02,-6.951204337715495563e-02,1.256515965603906215e+00,7.741383994098814669e-02,1.447438609864122941e-02,-1.278896413062192705e-01,8.175172338815649142e-02,-5.230872800969717760e-03,7.741383994098814669e-02,1.224886501937582750e+00,4.269445187955134974e-02,-1.003352964427864924e-01,6.591824095875786771e-02,1.593505211186894630e-03,1.447438609864122941e-02,4.269445187955134974e-02,1.184027431168501954e+00,-4.756817258859243926e-03,-2.822492727783429672e-03,1.634206778843773078e-01,-1.278896413062192705e-01,-1.003352964427864924e-01,-4.756817258859243926e-03,1.097573574831216980e+00,-7.628847192274380851e-02,-1.738827672744061234e-02,8.175172338815649142e-02,6.591824095875786771e-02,-2.822492727783429672e-03,-7.628847192274380851e-02,9.445903222971372415e-01
1.263813625148276554e+00,-6.959381478775666929e-02,-5.265312358680179598e-03,1.560105143943394963e-03,1.636965823433561840e-01,-1.746045384213774573e-02,-6.959381478775666929e-02,1.256515965603906215e+00,7.749805399632327119e-02,1.449816645697996932e-02,-1.280291832360835880e-01,8.192700240685783786e-02,-5.265312358680179598e-03,7.749805399632327119e-02,1.224886501937582750e+00,4.271856194470455281e-02,-1.004513389825738706e-01,6.599473625503142482e-02,1.560105143943394963e-03,1.449816645697996932e-02,4.271856194470455281e-02,1.184027431168501954e+00,-4.720977483490381744e-03,-2.856306361198671963e-03,1.636965823433561840e-01,-1.280291832360835880e-01,-1.004513389825738706e-01,-4.720977483490381744e-03,1.097573574831216980e+00,-7.646162284885893445e-02,-1.746045384213774573e-02,8.192700240685783786e-02,6.599473625503142482e-02,-2.856306361198671963e-03,-7.646162284885893445e-02,9.445903222971372415e-01
1.263813625148276554e+00,-6.966651808116242073e-02,-5.295824952299080061e-03,1.529626710493003699e-03,1.639439938799190921e-01,-1.752591977015070454e-02,-6.966651808116242073e-02,1.256515965603906215e+00,7.757230228491200641e-02,1.451941448651839286e-02,-1.281538124505154641e-01,8.208603757107062193e-02,-5.295824952299080061e-03,7.757230228491200641e-02,1.224886501937582750e+00,4.273971177679394134e-02,-1.005548770265080188e-01,6.606303626147565222e-02,1.529626710493003699e-03,1.451941448651839286e-02,4.273971177679394134e-02,1.184027431168501954e+00,-4.687969920077530821e-03,-2.887025283822761395e-03,1.639439938799190921e-01,-1.281538124505154641e-01,-1.005548770265080188e-01,-4.687969920077530821e-03,1.097573574831216980e+00,-7.661922332206902442e-02,-1.752591977015070454e-02,8.208603757107062193e-02,6.606303626147565222e-02,-2.887025283822761395e-03,-7.661922332206902442e-02,9.445903222971372415e-01
1.263813625148276554e+00,-6.973116708073526238e-02,-5.322834543580336371e-03,1.501829363400501846e-03,1.641658391343473189e-01,-1.758528974839959971e-02,-6.973116708073526238e-02,1.256515965603906215e+00,7.763774003957586711e-02,1.453839685056027703e-02,-1.282651349995993506e-01,8.223034905210578616e-02,-5.322834543580336371e-03,7.763774003957586711e-02,1.224886501937582750e+00,4.275827489022125671e-02,-1.006472600531565093e-01,6.612403828615992518e-02,1.501829363400501846e-03,1.453839685056027703e-02,4.275827489022125671e-02,1.184027431168501954e+00,-4.657591016719014182e-03,-2.914908256143268397e-03,1.641658391343473189e-01,-1.282651349995993506e-01,-1.006472600531565093e-01,-4.657591016719014182e-03,1.097573574831216980e+00,-7.676267515449174128e-02,-1.758528974839959971e-02,8.223034905210578616e-02,6.612403828615992518e-02,-2.914908256143268397e-03,-7.676267515449174128e-02,9.445903222971372415e-01
